0 640 0 400
128 560 144 304
128 544 144 288
144 544 160 288
144 528 176 288
128 528 160 288
144 528 176 304
144 544 192 304
160 512 192 304
160 528 192 304
160 528 192 304
160 528 176 304
160 528 176 304
160 544 176 304
144 544 176 304
160 544 176 304
160 544 176 304
144 528 176 304
160 528 176 304
160 528 176 304
160 528 176 320
160 544 176 304
160 544 176 304
144 544 176 304
144 544 176 304
144 544 176 304
144 544 176 304
144 544 176 304
144 544 176 304
144 544 160 304
144 544 160 304
144 544 160 304
144 544 160 304
144 544 160 304
144 544 160 304
144 544 160 304
144 544 176 304
144 544 160 304
144 544 176 304
144 544 160 304
144 544 176 304
144 544 176 304
144 544 160 304
144 544 160 304
144 544 160 304
128 544 144 304
144 544 144 304
144 544 144 304
144 544 144 288
144 544 160 288
144 544 160 288
144 544 160 288
144 544 160 288
144 544 144 288
144 544 144 288
144 544 144 288
144 544 160 288
144 544 160 288
144 544 160 288
144 544 160 288
144 544 160 288
144 544 144 288
144 544 144 288
144 544 144 288
144 544 128 288
144 544 128 288
144 544 128 288
144 544 128 288
144 544 128 288
144 544 128 288
144 544 128 288
144 544 128 288
144 544 128 288
144 544 144 288
128 544 144 288
144 528 144 288
144 544 144 288
144 544 144 288
144 528 144 288
144 528 144 288
144 544 144 288
144 544 144 288
128 528 144 288
128 544 144 288
128 544 144 288
128 544 144 288
128 544 144 288
128 544 144 288
128 528 144 288
144 544 160 288
144 528 160 288
128 544 160 304
128 528 160 304
144 528 176 304
128 528 176 304
128 528 176 304
128 528 176 304
128 528 176 304
128 528 176 304
144 528 176 304
128 528 176 304
128 528 176 304
128 528 176 304
128 528 176 304
128 528 176 304
144 544 192 320
144 544 192 320
144 544 208 320
144 528 208 320
144 496 208 320
144 496 208 320
144 496 208 320
144 496 208 320
144 496 208 320
144 496 208 320
144 496 208 320
160 512 208 320
144 496 208 320
144 496 208 320
144 496 208 336
160 512 224 336
160 528 224 336
176 528 224 336
176 528 224 336
176 528 240 336
176 544 240 336
176 544 240 336
176 528 240 336
176 528 240 336
176 528 224 336
176 528 224 336
176 528 224 336
176 528 224 336
176 528 224 336
176 544 240 336
176 544 224 336
176 544 224 336
176 544 224 336
176 544 224 336
176 544 224 336
176 544 224 336
176 544 224 336
176 544 224 336
176 544 224 336
176 544 224 336
176 544 224 336
176 544 224 336
176 544 224 336
176 544 224 336
176 544 208 336
176 544 208 336
