0 640 0 400
80 544 144 352
80 544 144 352
80 544 144 352
96 528 144 352
64 544 144 352
64 528 160 352
64 528 176 368
80 528 160 352
80 528 160 352
80 528 160 352
96 528 160 352
96 528 160 352
80 528 144 352
96 528 160 352
96 528 160 352
96 528 160 352
96 528 160 352
96 528 160 352
80 528 160 352
96 528 160 352
96 528 160 352
96 528 160 352
96 528 160 352
96 528 160 352
96 528 160 352
96 528 160 352
96 528 160 352
96 528 160 352
80 528 160 352
80 528 160 352
80 528 160 352
80 528 160 352
80 528 144 352
80 528 144 352
80 528 144 352
80 528 144 352
80 528 144 352
80 528 144 352
80 528 144 352
80 528 144 352
96 528 144 352
96 528 144 368
96 528 144 368
96 528 128 352
80 528 128 352
96 528 128 352
80 528 128 352
80 512 128 352
80 512 128 352
80 512 128 352
80 512 128 352
80 512 128 352
80 512 128 352
80 528 144 352
96 528 144 352
80 528 128 352
80 528 128 352
80 512 128 352
64 512 144 352
80 512 128 352
80 512 112 352
80 496 128 352
80 496 128 336
80 496 128 336
80 480 112 336
80 480 112 336
80 480 112 336
80 480 112 336
80 480 112 336
64 464 112 336
64 464 112 336
64 464 128 336
80 464 112 320
80 464 128 320
80 464 128 320
80 464 128 320
64 464 128 320
64 464 128 320
80 464 128 320
80 464 128 320
96 512 192 352
64 512 160 352
48 528 144 352
80 528 144 352
80 528 144 352
80 528 144 352
96 528 144 352
96 528 144 352
80 528 128 352
96 512 144 352
96 512 144 352
80 512 144 352
80 496 144 352
80 512 160 352
80 496 160 352
80 480 160 352
80 480 160 352
80 480 160 352
112 496 224 336
16 576 48 368
160 496 256 336
80 544 160 336
80 512 160 336
80 496 160 336
64 480 160 336
48 480 160 352
64 480 176 352
64 496 192 368
80 496 192 368
80 512 208 368
80 512 192 368
96 512 208 368
96 512 208 368
96 512 208 368
96 512 208 368
96 512 208 368
96 512 192 368
96 512 192 368
80 512 192 384
80 512 208 384
80 528 208 384
80 528 208 400
96 528 208 400
96 528 224 400
96 528 208 400
96 528 224 400
80 528 208 400
96 528 224 400
96 528 224 400
96 528 224 400
96 528 224 400
96 528 224 400
96 528 224 384
96 528 208 400
96 528 224 384
80 528 208 384
80 528 208 384
80 528 208 384
80 528 192 384
96 528 192 384
144 496 272 400
128 528 208 384
80 528 208 400
96 528 208 400
96 528 208 384
80 528 208 384
80 528 208 400
80 528 208 400
80 528 208 400
64 544 160 336
80 544 144 336
80 528 144 352
80 528 144 352
80 528 144 352
64 528 144 352
64 528 160 352
64 528 176 368
80 528 160 352
80 528 160 352
80 528 160 352
96 528 160 352
96 528 160 352
80 528 144 352
96 528 160 352
96 528 160 352
96 528 160 352
96 528 160 352
96 528 160 352
80 528 160 352
96 528 160 352
96 528 160 352
96 528 160 352
96 528 160 352
96 528 160 352
96 528 160 352
96 528 160 352
96 528 160 352
96 528 160 352
80 528 160 352
80 528 160 352
80 528 160 352
80 528 160 352
80 528 144 352
80 528 144 352
80 528 144 352
80 528 144 352
80 528 144 352
80 528 144 352
80 528 144 352
80 528 144 352
96 528 144 352
96 528 144 368
96 528 144 368
96 528 128 352
80 528 128 352
96 528 128 352
80 528 128 352
80 512 128 352
80 512 128 352
80 512 128 352
80 512 128 352
80 512 128 352
80 512 128 352
80 528 144 352
96 528 144 352
80 528 128 352
80 528 128 352
80 512 128 352
64 512 144 352
80 512 128 352
80 512 112 352
80 496 128 352
80 496 128 336
80 496 128 336
80 480 112 336
80 480 112 336
80 480 112 336
80 480 112 336
80 480 112 336
64 464 112 336
64 464 112 336
64 464 128 336
80 464 112 320
80 464 128 320
80 464 128 320
80 464 128 320
64 464 128 320
64 464 128 320
80 464 128 320
80 464 128 320
96 512 192 352
64 512 160 352
48 528 144 352
80 528 144 352
80 528 144 352
80 528 144 352
96 528 144 352
96 528 144 352
80 528 128 352
96 512 144 352
96 512 144 352
80 512 144 352
80 496 144 352
80 512 160 352
80 496 160 352
80 480 160 352
80 480 160 352
80 480 160 352
112 496 224 336
16 576 48 368
160 496 256 336
80 544 160 336
80 512 160 336
80 496 160 336
64 480 160 336
48 480 160 352
64 480 176 352
64 496 192 368
80 496 192 368
80 512 208 368
80 512 192 368
96 512 208 368
96 512 208 368
96 512 208 368
96 512 208 368
96 512 208 368
96 512 192 368
96 512 192 368
80 512 192 384
80 512 208 384
80 528 208 384
80 528 208 400
96 528 208 400
96 528 224 400
96 528 208 400
96 528 224 400
80 528 208 400
96 528 224 400
96 528 224 400
96 528 224 400
96 528 224 400
96 528 224 400
96 528 224 384
96 528 208 400
96 528 224 384
80 528 208 384
80 528 208 384
80 528 208 384
80 528 192 384
96 528 192 384
144 496 272 400
128 528 208 384
80 528 208 400
96 528 208 400
96 528 208 384
80 528 208 384
80 528 208 400
80 528 208 400
80 528 208 400
