0 640 0 400
112 544 144 304
128 544 144 288
144 544 160 288
144 528 176 288
144 528 160 288
144 528 176 304
144 528 176 304
160 512 192 304
160 512 192 304
160 512 176 304
144 512 176 304
160 512 176 304
144 528 176 304
144 528 176 304
144 528 176 304
160 528 176 304
160 528 176 304
160 528 176 304
160 528 176 304
160 528 176 304
144 528 176 320
160 544 176 304
144 544 176 304
160 544 176 304
160 544 176 304
144 544 176 304
144 544 176 304
160 544 176 304
160 544 160 304
144 544 160 304
144 544 160 320
160 544 160 304
144 544 160 304
160 544 176 304
144 544 176 304
144 544 176 304
160 544 176 304
144 544 176 304
144 544 176 304
144 544 176 304
144 544 176 304
144 528 160 304
128 544 160 304
144 544 160 304
128 544 144 304
144 544 144 288
144 544 144 288
144 544 144 288
144 544 160 288
144 544 160 288
144 544 160 288
144 544 160 288
144 544 144 288
144 544 144 288
144 544 144 288
144 544 160 288
144 544 160 288
144 544 160 288
144 528 160 288
144 528 160 288
128 528 144 288
128 528 144 288
128 528 144 288
128 528 128 288
128 528 128 288
128 528 128 288
128 528 128 288
128 528 128 288
128 528 128 288
128 528 128 288
128 528 128 288
128 528 128 288
128 528 128 288
128 528 144 288
128 528 144 288
128 528 144 288
128 528 144 288
128 528 144 288
128 528 144 288
128 528 144 288
128 528 144 288
128 528 144 288
128 528 144 288
128 528 144 288
128 528 144 288
128 528 144 288
128 528 144 288
128 528 144 288
128 512 160 288
128 512 160 288
128 512 160 288
144 512 176 304
128 528 176 304
128 512 176 304
128 512 176 304
128 512 176 304
128 512 176 304
128 512 176 304
128 512 176 304
128 512 176 304
128 512 176 304
128 512 176 304
128 512 176 304
128 512 176 304
144 528 192 320
144 528 192 320
144 528 208 320
160 512 208 320
160 512 208 320
160 512 208 320
160 512 208 320
160 512 208 320
176 512 208 320
160 512 208 320
160 512 208 320
176 512 208 320
160 496 208 320
160 496 208 320
160 496 208 320
160 496 208 320
160 496 224 320
160 512 224 320
160 512 224 320
160 512 224 320
160 528 224 320
160 528 224 320
160 528 224 320
160 528 224 320
160 528 224 320
160 528 224 320
160 528 224 320
160 528 224 320
160 528 224 320
160 528 224 320
160 528 224 320
160 528 224 320
176 528 224 320
176 528 224 320
176 528 208 320
176 528 208 320
176 528 208 320
176 528 208 320
176 528 208 320
176 528 208 320
176 528 224 320
176 528 224 320
176 528 224 320
176 528 208 320
176 528 208 320
160 528 208 320
